خ,8.00,19.00,15.00,11.00,5.00,   -5.43,7.46,1.43,   -12.25,2.86,4.87
خ,10.00,18.00,18.00,14.00,13.00,   0.83,9.57,-1.07,   38.87,-40.68,95.61
خ,3.00,8.00,17.00,11.00,0.00,   6.33,1.17,-8.32,   22.03,-42.80,-2.99
خ,13.00,71.00,61.00,56.00,51.00,   5.82,0.48,-8.08,   -11.73,-2.21,-2.41
خ,40.00,70.00,68.00,59.00,56.00,   5.50,0.27,-8.39,   -18.99,-1.60,-0.20
خ,23.00,7.00,6.00,2.00,-11.00,   5.53,0.28,-8.26,   -16.86,3.47,0.46
خ,8.00,46.00,16.00,11.00,-8.00,   5.74,0.92,-8.15,   -11.24,-2.14,3.48
خ,23.00,40.00,25.00,14.00,-1.00,   5.62,0.35,-8.23,   -13.84,0.58,0.73
خ,26.00,41.00,26.00,13.00,-1.00,   5.17,-0.01,-8.50,   -15.47,2.90,-1.60
خ,25.00,58.00,28.00,12.00,2.00,   5.24,0.34,-8.64,   -18.24,8.52,-5.64
خ,26.00,22.00,20.00,22.00,1.00,   4.95,-0.21,-8.59,   -12.82,-2.98,0.38
خ,60.00,32.00,34.00,36.00,33.00,   5.13,-0.30,-8.43,   -12.07,0.98,2.31
خ,49.00,29.00,34.00,35.00,32.00,   4.32,-1.22,-8.76,   -16.28,-3.79,16.66
خ,51.00,29.00,37.00,36.00,29.00,   5.15,-0.90,-8.40,   -30.43,8.11,36.43
خ,47.00,34.00,41.00,38.00,31.00,   5.39,-0.71,-8.46,   -16.33,2.54,1.05
خ,47.00,34.00,38.00,35.00,28.00,   5.16,-0.85,-8.57,   -14.53,0.89,-0.84
خ,52.00,35.00,44.00,38.00,31.00,   4.95,-0.91,-8.49,   -14.05,-1.12,-0.64
خ,44.00,43.00,50.00,46.00,37.00,   4.54,-1.47,-8.79,   6.34,0.31,-23.86
خ,46.00,50.00,52.00,46.00,41.00,   4.77,-1.83,-8.65,   -12.30,-0.61,-2.69
خ,46.00,46.00,51.00,44.00,35.00,   5.85,-0.93,-8.04,   -10.39,2.78,-10.54
خ,45.00,46.00,48.00,46.00,37.00,   5.08,-1.45,-8.60,   -24.16,-0.99,16.86
خ,43.00,49.00,48.00,43.00,35.00,   5.50,-0.27,-8.13,   3.60,12.72,-10.23
خ,43.00,47.00,54.00,50.00,23.00,   5.17,-1.54,-8.36,   -20.65,5.76,9.87
خ,38.00,46.00,49.00,48.00,31.00,   4.60,-2.04,-8.42,   -14.31,-1.66,8.08
خ,42.00,43.00,50.00,45.00,30.00,   5.04,-1.79,-8.29,   -15.40,2.81,-2.03
خ,44.00,44.00,50.00,45.00,32.00,   5.26,-1.42,-8.45,   -16.51,3.64,-0.73
خ,45.00,42.00,47.00,42.00,30.00,   5.99,-0.59,-8.15,   -17.99,9.76,-4.35   
خ,40.00,44.00,48.00,42.00,29.00,   3.04,-0.89,-9.38,   -22.03,6.57,36.63
خ,41.00,44.00,49.00,44.00,34.00,   3.77,-1.57,-8.97,   -13.24,1.22,-0.43
خ,41.00,45.00,50.00,44.00,30.00,   3.60,-1.49,-9.22,   -13.14,0.15,-2.05
خ,38.00,45.00,49.00,43.00,28.00,   3.82,-1.33,-9.06,   -12.74,-0.24,-2.18
