ح,2.00,10.00,7.00,4.00,-9.00,   -6.49,6.73,1.63,   -17.02,3.36,-2.15
ح,2.00,9.00,7.00,3.00,-9.00,   -6.71,6.49,1.60,   -16.12,-0.64,-2.08
ح,6.00,12.00,9.00,5.00,-1.00,   -6.85,6.14,1.74,   -12.28,-0.29,0.76
ح,7.00,11.00,9.00,5.00,-2.00,   -6.82,6.17,1.70,   -14.76,1.04,-0.98
ح,9.00,25.00,18.00,18.00,23.00,   0.80,8.88,-2.36,   79.51,-84.65,142.84
ح,65.00,27.00,21.00,26.00,26.00,   7.52,1.38,-6.15,   1.13,-22.71,7.70
ح,25.00,36.00,29.00,33.00,22.00,   6.61,-0.43,-7.81,   -12.20,-4.32,2.61
ح,1.00,30.00,22.00,24.00,11.00,   6.22,-1.39,-7.81,   -14.68,-2.09,6.84
ح,1.00,32.00,27.00,34.00,33.00,   5.78,-1.92,-7.94,   -14.02,0.64,2.98
ح,1.00,24.00,15.00,23.00,2.00,   5.43,-2.08,-8.22,   -10.20,-1.18,-0.82
ح,1.00,39.00,27.00,35.00,14.00,   5.36,-2.03,-8.12,   -14.47,-0.63,-0.09
ح,2.00,36.00,23.00,30.00,11.00,   5.26,-1.72,-8.34,   -10.95,-0.86,-1.63
ح,2.00,38.00,22.00,31.00,11.00,   5.55,-1.78,-8.03,   -17.76,-1.57,8.78
ح,2.00,39.00,22.00,29.00,13.00,   5.56,-1.39,-8.13,   -13.90,1.45,-1.70
ح,2.00,39.00,21.00,30.00,12.00,   5.68,-1.26,-8.18,   -13.76,0.17,0.60
ح,2.00,42.00,29.00,36.00,15.00,   5.84,-1.18,-7.98,   -12.94,-0.17,0.57
ح,3.00,40.00,31.00,39.00,19.00,   5.64,-1.26,-8.11,   -15.18,-0.18,0.89
ح,13.00,12.00,6.00,6.00,-6.00,   5.78,-1.06,-8.18,   -14.08,-0.87,2.54
ح,15.00,12.00,6.00,6.00,-6.00,   5.70,-1.17,-8.06,   -14.43,0.61,-1.18
ح,15.00,15.00,9.00,8.00,-4.00,   5.58,-1.36,-8.09,   -20.44,3.88,-0.11
ح,8.00,15.00,9.00,9.00,-3.00,   5.35,-0.77,-8.46,   -14.98,0.69,-0.55
ح,8.00,17.00,8.00,8.00,-3.00,   5.30,-0.89,-8.37,   -13.96,0.58,-0.61
ح,10.00,20.00,10.00,8.00,-5.00,   5.44,-0.85,-8.20,   -14.86,0.76,-0.02
ح,8.00,7.00,4.00,2.00,-9.00,   5.29,-0.82,-8.47,   -13.44,1.79,-1.85
ح,8.00,24.00,16.00,19.00,12.00,   5.20,-1.02,-8.36,   -16.79,1.91,1.02
ح,10.00,23.00,17.00,20.00,13.00,   5.61,-0.73,-8.31,   -15.67,5.44,-3.30
ح,10.00,23.00,16.00,19.00,11.00,   6.15,-0.11,-7.99,   -13.30,-1.45,2.60
ح,14.00,21.00,14.00,18.00,9.00,   6.12,-0.18,-7.93,   -14.33,-0.12,1.02
ح,12.00,22.00,15.00,18.00,8.00,   5.84,-0.46,-8.11,   -13.70,0.12,0.38
ح,13.00,23.00,15.00,19.00,9.00,   5.59,-0.68,-8.33,   -11.56,-0.75,-4.25
خ,8.00,19.00,15.00,11.00,5.00,   -5.43,7.46,1.43,   -12.25,2.86,4.87
