ج,27.00,12.00,13.00,8.00,3.00,   -6.85,5.79,1.92,   -21.86,-0.60,-3.16
ج,22.00,17.00,16.00,11.00,6.00,   -6.82,6.13,2.11,   -15.21,-2.20,-5.36
ج,23.00,17.00,16.00,11.00,6.00,   -6.09,7.69,2.54,   12.43,1.85,21.54
ج,94.00,45.00,62.00,66.00,27.00,   8.04,1.10,-6.73,   -6.02,-20.88,49.57
ج,81.00,49.00,61.00,64.00,47.00,   7.51,-2.46,-6.68,   -14.97,0.27,4.09
ج,72.00,48.00,55.00,59.00,48.00,   6.67,-3.75,-6.50,   -12.34,-1.76,-0.50
ج,75.00,48.00,52.00,52.00,41.00,   6.56,-3.66,-6.78,   -17.52,-0.21,0.50
ج,79.00,53.00,48.00,52.00,41.00,   6.88,-3.19,-6.61,   -14.97,1.59,-0.17
ج,74.00,56.00,50.00,50.00,38.00,   7.20,-2.99,-6.60,   -15.46,2.96,-5.24
ج,72.00,48.00,45.00,41.00,30.00,   7.07,-3.14,-6.41,   -11.81,-2.38,-0.70
ج,70.00,41.00,31.00,19.00,5.00,   6.88,-3.31,-6.72,   -20.09,-0.35,5.36
ج,73.00,31.00,24.00,15.00,1.00,   6.78,-3.00,-6.78,   -16.34,-0.08,0.53
ج,70.00,28.00,24.00,15.00,2.00,   6.95,-2.76,-6.78,   -15.00,-2.61,4.60
ج,72.00,31.00,26.00,17.00,4.00,   6.80,-2.81,-6.86,   -12.66,0.06,-1.33
ج,74.00,29.00,25.00,18.00,5.00,   6.70,-3.17,-6.91,   -11.10,-2.70,2.08
ج,67.00,31.00,27.00,17.00,2.00,   6.90,-2.78,-6.72,   -14.77,0.70,0.76
ج,69.00,34.00,26.00,18.00,3.00,   6.53,-2.30,-7.53,   -10.66,-0.99,-3.79
ج,71.00,33.00,29.00,20.00,5.00,   6.81,-2.41,-6.99,   -11.21,6.28,-6.38
ج,70.00,35.00,32.00,24.00,10.00,   6.75,-2.40,-7.13,   -15.03,2.44,-1.24
ج,68.00,35.00,31.00,22.00,8.00,   6.90,-2.14,-7.00,   -16.70,1.02,-0.78
ج,64.00,34.00,31.00,20.00,6.00,   7.02,-2.11,-6.99,   -13.76,-0.61,1.16
ج,68.00,35.00,31.00,21.00,7.00,   6.95,-2.13,-7.02,   -13.75,0.92,-0.61
ج,67.00,34.00,30.00,21.00,8.00,   6.95,-2.21,-7.06,   -14.73,0.17,0.43
ج,65.00,34.00,29.00,21.00,6.00,   6.91,-2.17,-7.02,   -13.96,0.18,-0.12
ج,66.00,38.00,30.00,22.00,11.00,   6.90,-2.34,-6.92,   -11.70,0.26,2.23
