ث,11.00,12.00,14.00,10.00,8.00,   -6.22,6.47,3.16,   -14.31,1.45,-0.76
ث,11.00,13.00,14.00,10.00,8.00,   -6.37,6.18,3.15,   -16.68,-1.83,-5.25
ث,10.00,13.00,14.00,21.00,52.00,   -5.04,9.36,3.79,   40.19,-57.31,105.87
ث,9.00,5.00,0.00,-2.00,85.00,   8.50,-0.30,-4.56,   47.34,67.52,20.47
ث,7.00,9.00,0.00,0.00,82.00,   9.15,0.93,-5.22,   -59.77,4.11,16.89
ث,8.00,4.00,1.00,0.00,78.00,   9.41,-3.00,-0.91,   -10.57,6.46,-7.94
ث,10.00,3.00,0.00,-2.00,73.00,   9.48,-4.15,-1.49,   -20.68,-1.44,6.45
ث,11.00,3.00,-1.00,-1.00,73.00,   9.39,-4.31,-1.27,   -13.99,0.60,0.03
ث,6.00,4.00,0.00,-1.00,67.00,   9.27,-4.26,-1.24,   -15.09,-3.15,3.86
ث,4.00,3.00,0.00,-1.00,67.00,   9.62,-4.15,-0.44,   -12.46,0.38,2.08
ث,4.00,3.00,0.00,-1.00,71.00,   9.29,-4.30,-0.86,   -15.24,-1.70,0.17
ث,58.00,33.00,6.00,-1.00,71.00,   9.25,-3.98,-1.37,   -13.15,2.92,-2.60
ث,45.00,30.00,4.00,-1.00,67.00,   9.33,-4.13,-1.53,   -15.73,1.91,2.52
ث,44.00,19.00,1.00,0.00,69.00,   9.12,-4.13,-1.87,   -16.45,0.79,-0.50
ث,74.00,35.00,5.00,2.00,67.00,   9.43,-3.91,-2.07,   -15.32,-1.97,0.86
ث,61.00,21.00,2.00,0.00,57.00,   9.29,-3.52,-2.08,   -11.93,4.72,-4.25
ث,39.00,1.00,1.00,0.00,57.00,   9.52,-3.79,-1.96,   -14.24,-0.47,-1.74
ث,33.00,2.00,1.00,0.00,52.00,   9.39,-3.58,-1.81,   -13.53,-0.14,-0.46
ث,49.00,20.00,7.00,5.00,57.00,   9.59,-3.42,-1.65,   -15.32,3.77,-2.20
ث,45.00,19.00,13.00,5.00,53.00,   9.77,-2.98,-1.63,   -12.57,-1.16,-0.58
