79.00,82.00,86.00,80.00,62.00,   6.18,-0.22,-7.81,   -11.50,3.51,4.15
78.00,83.00,85.00,78.00,107.00,   6.24,-1.11,-7.90,   -13.67,-1.19,1.97
78.00,82.00,88.00,78.00,85.00,   6.11,-1.41,-7.99,   -13.78,-0.53,-1.21
78.00,82.00,85.00,78.00,84.00,   6.09,-1.21,-7.89,   -13.73,1.27,0.52
77.00,82.00,82.00,77.00,59.00,   6.06,-1.32,-7.90,   -17.14,-0.17,-1.77
0.00,89.00,90.00,77.00,81.00,   4.32,0.47,-8.88,   -29.16,-37.16,-11.04
0.00,88.00,88.00,76.00,61.00,   4.09,1.16,-9.27,   -16.53,-4.38,0.27
0.00,88.00,89.00,78.00,63.00,   3.62,0.71,-8.67,   -11.43,5.91,3.15
0.00,87.00,87.00,76.00,99.00,   3.22,1.13,-9.10,   -14.34,-2.84,0.38
0.00,84.00,89.00,75.00,79.00,   2.97,1.84,-9.09,   -17.15,-3.60,-1.04
78.00,79.00,84.00,78.00,83.00,   6.56,-0.59,-7.36,   -12.14,-0.63,2.78
75.00,81.00,83.00,78.00,92.00,   7.59,-0.79,-7.18,   -13.70,7.99,-4.37
74.00,77.00,84.00,77.00,78.00,   7.85,-0.24,-6.46,   -9.36,9.15,-1.70
75.00,82.00,84.00,76.00,78.00,   7.86,0.38,-6.24,   -9.91,-3.33,-2.66
25.00,95.00,103.00,95.00,88.00,   5.62,2.48,-7.52,   -11.06,-2.15,-6.52
78.00,79.00,84.00,78.00,83.00,   6.56,-0.59,-7.36,   -12.14,-0.63,2.78
75.00,81.00,83.00,78.00,92.00,   7.59,-0.79,-7.18,   -13.70,7.99,-4.37
74.00,77.00,84.00,77.00,78.00,   7.85,-0.24,-6.46,   -9.36,9.15,-1.70
75.00,82.00,84.00,76.00,78.00,   7.86,0.38,-6.24,   -9.91,-3.33,-2.66
25.00,95.00,103.00,95.00,88.00,   5.62,2.48,-7.52,   -11.06,-2.15,-6.52